applied voltage (volts)	measured current (nanoamps)	measured temperature (deg C)
-1.500000E+0	-1.172399E-1
-1.495000E+0	-1.177335E-1
-1.490000E+0	-1.354729E-1
-1.485000E+0	-1.259285E-1
-1.480000E+0	-1.145082E-1
-1.475000E+0	-1.118753E-1
-1.470000E+0	-1.142120E-1
-1.465000E+0	-1.147057E-1
-1.460000E+0	-1.178652E-1
-1.455000E+0	-1.110854E-1
-1.450000E+0	-1.120398E-1
-1.445000E+0	-1.126652E-1
-1.440000E+0	-1.132905E-1
-1.435000E+0	-1.188854E-1
-1.430000E+0	-1.110854E-1
-1.425000E+0	-1.305032E-1
-1.420000E+0	-1.197082E-1
-1.415000E+0	-1.139158E-1
-1.410000E+0	-1.141462E-1
-1.405000E+0	-1.175361E-1
-1.400000E+0	-1.115791E-1
-1.395000E+0	-1.160880E-1
-1.390000E+0	-1.140474E-1
-1.385000E+0	-1.127968E-1
-1.380000E+0	-1.086829E-1
-1.375000E+0	-1.052272E-1
-1.370000E+0	-9.946763E-2
-1.365000E+0	-1.036803E-1
-1.360000E+0	-1.095715E-1
-1.355000E+0	-1.060170E-1
-1.350000E+0	-1.146069E-1
-1.345000E+0	-1.196753E-1
-1.340000E+0	-1.155943E-1
-1.335000E+0	-1.212222E-1
-1.330000E+0	-9.430052E-2
-1.325000E+0	-1.162854E-1
-1.320000E+0	-1.085512E-1
-1.315000E+0	-9.607774E-2
-1.310000E+0	-1.021993E-1
-1.305000E+0	-9.334608E-2
-1.300000E+0	-1.027259E-1
-1.295000E+0	-1.071031E-1
-1.290000E+0	-1.050626E-1
-1.285000E+0	-1.002575E-1
-1.280000E+0	-9.917143E-2
-1.275000E+0	-1.009816E-1
-1.270000E+0	-9.018658E-2
-1.265000E+0	-1.056879E-1
-1.260000E+0	-8.057641E-2
-1.255000E+0	-1.113158E-1
-1.250000E+0	-8.511820E-2
-1.245000E+0	-8.508529E-2
-1.240000E+0	-8.722454E-2
-1.235000E+0	-8.870556E-2
-1.230000E+0	-8.824479E-2
-1.225000E+0	-7.958906E-2
-1.220000E+0	-8.574352E-2
-1.215000E+0	-6.612824E-2
-1.210000E+0	-7.669284E-2
-1.205000E+0	-8.811315E-2
-1.200000E+0	-9.291823E-2
-1.195000E+0	-8.268274E-2
-1.190000E+0	-7.754854E-2
-1.185000E+0	-7.764728E-2
-1.180000E+0	-8.100426E-2
-1.175000E+0	-5.388514E-2
-1.170000E+0	-7.336878E-2
-1.165000E+0	-8.653339E-2
-1.160000E+0	-8.383465E-2
-1.155000E+0	-7.672576E-2
-1.150000E+0	-9.492584E-2
-1.145000E+0	-6.760926E-2
-1.140000E+0	-6.211303E-2
-1.135000E+0	-6.326493E-2
-1.130000E+0	-5.786744E-2
-1.125000E+0	-5.839403E-2
-1.120000E+0	-5.556363E-2
-1.115000E+0	-5.648516E-2
-1.110000E+0	-5.592566E-2
-1.105000E+0	-6.267253E-2
-1.100000E+0	-5.530034E-2
-1.095000E+0	-4.898132E-2
-1.090000E+0	-4.720410E-2
-1.085000E+0	-4.282687E-2
-1.080000E+0	-7.300675E-2
-1.075000E+0	-5.701174E-2
-1.070000E+0	-5.187754E-2
-1.065000E+0	-4.167496E-2
-1.060000E+0	-3.413822E-2
-1.055000E+0	-4.536105E-2
-1.050000E+0	-5.951302E-2
-1.045000E+0	-5.734086E-2
-1.040000E+0	-5.622186E-2
-1.035000E+0	-5.967758E-2
-1.030000E+0	-3.331543E-2
-1.025000E+0	-3.183441E-2
-1.020000E+0	-3.318378E-2
-1.015000E+0	-3.831798E-2
-1.010000E+0	-1.692548E-2
-1.005000E+0	-3.608000E-2
-1.000000E+0	-3.229517E-2
-9.950000E-1	-3.881166E-2
-9.900000E-1	-3.512557E-2
-9.850000E-1	-3.222935E-2
-9.800000E-1	1.085186E-2
-9.750000E-1	-2.363944E-2
-9.700000E-1	-1.932802E-2
-9.650000E-1	-9.882412E-3
-9.600000E-1	-2.498881E-2
-9.550000E-1	-1.653054E-2
-9.500000E-1	-1.073811E-2
-9.450000E-1	-1.402927E-2
-9.400000E-1	-2.120398E-2
-9.350000E-1	-1.774827E-2
-9.300000E-1	2.722709E-3
-9.250000E-1	-8.730508E-3
-9.200000E-1	1.175866E-3
-9.150000E-1	-5.340619E-3
-9.100000E-1	1.476833E-2
-9.050000E-1	8.416406E-3
-9.000000E-1	1.768274E-3
-8.950000E-1	1.647973E-2
-8.900000E-1	9.765779E-3
-8.850000E-1	1.200376E-2
-8.800000E-1	1.733543E-2
-8.750000E-1	6.902475E-3
-8.700000E-1	1.875063E-2
-8.650000E-1	1.911266E-2
-8.600000E-1	2.928232E-2
-8.550000E-1	2.437850E-2
-8.500000E-1	1.690758E-2
-8.450000E-1	2.694560E-2
-8.400000E-1	2.401648E-2
-8.350000E-1	2.763675E-2
-8.300000E-1	3.573299E-2
-8.250000E-1	3.606210E-2
-8.200000E-1	4.159124E-2
-8.150000E-1	5.617105E-2
-8.100000E-1	5.827739E-2
-8.050000E-1	5.041153E-2
-8.000000E-1	5.735587E-2
-7.950000E-1	5.771790E-2
-7.900000E-1	6.193057E-2
-7.850000E-1	5.626979E-2
-7.800000E-1	4.007731E-2
-7.750000E-1	6.555084E-2
-7.700000E-1	6.377362E-2
-7.650000E-1	7.144201E-2
-7.600000E-1	7.888002E-2
-7.550000E-1	8.315852E-2
-7.500000E-1	8.579144E-2
-7.450000E-1	5.610523E-2
-7.400000E-1	9.507250E-2
-7.350000E-1	8.872057E-2
-7.300000E-1	9.770542E-2
-7.250000E-1	9.964720E-2
-7.200000E-1	6.558376E-2
-7.150000E-1	1.151815E-1
-7.100000E-1	1.082700E-1
-7.050000E-1	1.238701E-1
-7.000000E-1	1.162017E-1
-6.950000E-1	1.194600E-1
-6.900000E-1	1.412145E-1
-6.850000E-1	1.382195E-1
-6.800000E-1	1.324271E-1
-6.750000E-1	1.425968E-1
-6.700000E-1	1.382854E-1
-6.650000E-1	1.543791E-1
-6.600000E-1	1.848881E-1
-6.550000E-1	1.633310E-1
-6.500000E-1	1.658652E-1
-6.450000E-1	1.755741E-1
-6.400000E-1	1.688931E-1
-6.350000E-1	1.535892E-1
-6.300000E-1	1.651412E-1
-6.250000E-1	1.891666E-1
-6.200000E-1	1.912729E-1
-6.150000E-1	1.950249E-1
-6.100000E-1	1.939388E-1
-6.050000E-1	2.096705E-1
-6.000000E-1	2.240199E-1
-5.950000E-1	2.147389E-1
-5.900000E-1	2.000603E-1
-5.850000E-1	2.107895E-1
-5.800000E-1	2.228351E-1
-5.750000E-1	2.267187E-1
-5.700000E-1	2.378428E-1
-5.650000E-1	2.235262E-1
-5.600000E-1	2.349136E-1
-5.550000E-1	2.550884E-1
-5.500000E-1	2.622631E-1
-5.450000E-1	2.648961E-1
-5.400000E-1	2.590707E-1
-5.350000E-1	2.828328E-1
-5.300000E-1	2.782252E-1
-5.250000E-1	2.930025E-1
-5.200000E-1	2.988608E-1
-5.150000E-1	3.005063E-1
-5.100000E-1	3.107418E-1
-5.050000E-1	3.199900E-1
-5.000000E-1	3.087342E-1
-4.950000E-1	3.218001E-1
-4.900000E-1	3.404939E-1
-4.850000E-1	3.455952E-1
-4.800000E-1	3.462534E-1
-4.750000E-1	3.753801E-1
-4.700000E-1	3.774535E-1
-4.650000E-1	3.576408E-1
-4.600000E-1	3.766637E-1
-4.550000E-1	4.004916E-1
-4.500000E-1	4.136562E-1
-4.450000E-1	4.143803E-1
-4.400000E-1	4.159271E-1
-4.350000E-1	4.302107E-1
-4.300000E-1	4.270841E-1
-4.250000E-1	4.503526E-1
-4.200000E-1	4.542033E-1
-4.150000E-1	4.719755E-1
-4.100000E-1	5.054136E-1
-4.050000E-1	4.810591E-1
-4.000000E-1	5.021554E-1
-3.950000E-1	5.031756E-1
-3.900000E-1	5.149580E-1
-3.850000E-1	5.169656E-1
-3.800000E-1	5.279909E-1
-3.750000E-1	5.473429E-1
-3.700000E-1	5.495480E-1
-3.650000E-1	5.589278E-1
-3.600000E-1	5.702494E-1
-3.550000E-1	5.953609E-1
-3.500000E-1	5.997052E-1
-3.450000E-1	6.284040E-1
-3.400000E-1	6.302142E-1
-3.350000E-1	6.307408E-1
-3.300000E-1	6.573991E-1
-3.250000E-1	6.595055E-1
-3.200000E-1	6.693789E-1
-3.150000E-1	6.851106E-1
-3.100000E-1	7.061740E-1
-3.050000E-1	7.240779E-1
-3.000000E-1	7.213462E-1
-2.950000E-1	7.323058E-1
-2.900000E-1	7.543565E-1
-2.850000E-1	7.725237E-1
-2.800000E-1	7.751566E-1
-2.750000E-1	7.938833E-1
-2.700000E-1	8.116555E-1
-2.650000E-1	8.257087E-1
-2.600000E-1	8.458506E-1
-2.550000E-1	8.580279E-1
-2.500000E-1	8.800786E-1
-2.450000E-1	8.785318E-1
-2.400000E-1	9.173674E-1
-2.350000E-1	9.276029E-1
-2.300000E-1	9.319801E-1
-2.250000E-1	9.521878E-1
-2.200000E-1	9.671955E-1
-2.150000E-1	9.846057E-1
-2.100000E-1	1.000765E+0
-2.050000E-1	1.016991E+0
-2.000000E-1	1.034829E+0
-1.950000E-1	1.055201E+0
-1.900000E-1	1.063034E+0
-1.850000E-1	1.072874E+0
-1.800000E-1	1.076593E+0
-1.750000E-1	1.116548E+0
-1.700000E-1	1.132477E+0
-1.650000E-1	1.153508E+0
-1.600000E-1	1.167660E+0
-1.550000E-1	1.174604E+0
-1.500000E-1	1.190105E+0
-1.450000E-1	1.214789E+0
-1.400000E-1	1.231179E+0
-1.350000E-1	1.248490E+0
-1.300000E-1	1.269587E+0
-1.250000E-1	1.281139E+0
-1.200000E-1	1.310825E+0
-1.150000E-1	1.319316E+0
-1.100000E-1	1.338043E+0
-1.050000E-1	1.360159E+0
-1.000000E-1	1.379775E+0
-9.500000E-2	1.398205E+0
-9.000000E-2	1.413641E+0
-8.500000E-2	1.433750E+0
-8.000000E-2	1.464851E+0
-7.500000E-2	1.496183E+0
-7.000000E-2	1.495755E+0
-6.500000E-2	1.514679E+0
-6.000000E-2	1.539889E+0
-5.500000E-2	1.558912E+0
-5.000000E-2	1.566975E+0
-4.500000E-2	1.598439E+0
-4.000000E-2	1.620588E+0
-3.500000E-2	1.639578E+0
-3.000000E-2	1.654158E+0
-2.500000E-2	1.678578E+0
-2.000000E-2	1.694442E+0
-1.500000E-2	1.726333E+0
-1.000000E-2	1.739728E+0
-5.000000E-3	1.762075E+0
-9.837617E-15	1.790971E+0
5.000000E-3	1.802984E+0
1.000000E-2	1.829741E+0
1.500000E-2	1.847184E+0
2.000000E-2	1.863607E+0
2.500000E-2	1.882498E+0
3.000000E-2	1.904023E+0
3.500000E-2	1.930714E+0
4.000000E-2	1.951185E+0
4.500000E-2	1.977876E+0
5.000000E-2	1.991271E+0
5.500000E-2	2.014704E+0
6.000000E-2	2.032772E+0
6.500000E-2	2.060714E+0
7.000000E-2	2.085168E+0
7.500000E-2	2.103598E+0
8.000000E-2	2.132067E+0
8.500000E-2	2.156125E+0
9.000000E-2	2.164550E+0
9.500000E-2	2.192558E+0
1.000000E-1	2.216320E+0
1.050000E-1	2.234751E+0
1.100000E-1	2.267465E+0
1.150000E-1	2.279412E+0
1.200000E-1	2.307189E+0
1.250000E-1	2.327989E+0
1.300000E-1	2.358959E+0
1.350000E-1	2.377093E+0
1.400000E-1	2.400329E+0
1.450000E-1	2.431101E+0
1.500000E-1	2.452197E+0
1.550000E-1	2.467040E+0
1.600000E-1	2.490638E+0
1.650000E-1	2.511603E+0
1.700000E-1	2.543263E+0
1.750000E-1	2.559851E+0
1.800000E-1	2.584600E+0
1.850000E-1	2.600299E+0
1.900000E-1	2.620935E+0
1.950000E-1	2.639036E+0
2.000000E-1	2.670434E+0
2.050000E-1	2.699001E+0
2.100000E-1	2.714009E+0
2.150000E-1	2.736882E+0
2.200000E-1	2.754029E+0
2.250000E-1	2.784604E+0
2.300000E-1	2.802541E+0
2.350000E-1	2.827158E+0
2.400000E-1	2.847728E+0
2.450000E-1	2.873662E+0
2.500000E-1	2.901407E+0
2.550000E-1	2.913255E+0
2.600000E-1	2.943402E+0
2.650000E-1	2.962326E+0
2.700000E-1	2.983258E+0
2.750000E-1	3.007382E+0
2.800000E-1	3.028116E+0
2.850000E-1	3.048357E+0
2.900000E-1	3.071296E+0
2.950000E-1	3.098350E+0
3.000000E-1	3.115102E+0
3.050000E-1	3.137679E+0
3.100000E-1	3.171216E+0
3.150000E-1	3.190008E+0
3.200000E-1	3.203601E+0
3.250000E-1	3.233682E+0
3.300000E-1	3.242436E+0
3.350000E-1	3.270905E+0
3.400000E-1	3.291310E+0
3.450000E-1	3.310333E+0
3.500000E-1	3.329652E+0
3.550000E-1	3.350682E+0
3.600000E-1	3.377703E+0
3.650000E-1	3.397121E+0
3.700000E-1	3.413938E+0
3.750000E-1	3.438852E+0
3.800000E-1	3.451918E+0
3.850000E-1	3.475516E+0
3.900000E-1	3.495888E+0
3.950000E-1	3.515865E+0
4.000000E-1	3.543215E+0
4.050000E-1	3.556742E+0
4.100000E-1	3.579549E+0
4.150000E-1	3.591759E+0
4.200000E-1	3.615192E+0
4.250000E-1	3.640370E+0
4.300000E-1	3.667291E+0
4.350000E-1	3.670583E+0
4.400000E-1	3.680522E+0
4.450000E-1	3.703823E+0
4.500000E-1	3.725413E+0
4.550000E-1	3.764940E+0
4.600000E-1	3.784522E+0
4.650000E-1	3.798970E+0
4.700000E-1	3.813188E+0
4.750000E-1	3.843697E+0
4.800000E-1	3.847548E+0
4.850000E-1	3.880887E+0
4.900000E-1	3.888325E+0
4.950000E-1	3.907052E+0
5.000000E-1	3.934764E+0
