applied voltage (volts)	measured current (nanoamps)	measured temperature (deg C)
-1.200000E+0	-1.080905E-1
-1.195000E+0	-1.114145E-1
-1.190000E+0	-1.078930E-1
-1.185000E+0	-1.134221E-1
-1.180000E+0	-1.097689E-1
-1.175000E+0	-1.121386E-1
-1.170000E+0	-1.206298E-1
-1.165000E+0	-1.146069E-1
-1.160000E+0	-1.134879E-1
-1.155000E+0	-1.145740E-1
-1.150000E+0	-1.052601E-1
-1.145000E+0	-9.193089E-2
-1.140000E+0	-1.004550E-1
-1.135000E+0	-1.000271E-1
-1.130000E+0	-1.128297E-1
-1.125000E+0	-1.155943E-1
-1.120000E+0	-1.020018E-1
-1.115000E+0	-9.884231E-2
-1.110000E+0	-1.039107E-1
-1.105000E+0	-1.084854E-1
-1.100000E+0	-1.130930E-1
-1.095000E+0	-8.004982E-2
-1.090000E+0	-7.817386E-2
-1.085000E+0	-1.072677E-1
-1.080000E+0	-8.768530E-2
-1.075000E+0	-1.045031E-1
-1.070000E+0	-1.056879E-1
-1.065000E+0	-9.288532E-2
-1.060000E+0	-9.127266E-2
-1.055000E+0	-8.814606E-2
-1.050000E+0	-7.906247E-2
-1.045000E+0	-8.041185E-2
-1.040000E+0	-7.981944E-2
-1.035000E+0	-8.235363E-2
-1.030000E+0	-7.139409E-2
-1.025000E+0	-7.991817E-2
-1.020000E+0	-8.034602E-2
-1.015000E+0	-9.163468E-2
-1.010000E+0	-8.863973E-2
-1.005000E+0	-6.579912E-2
-1.000000E+0	-7.922703E-2
-9.950000E-1	-8.340680E-2
-9.900000E-1	-7.814095E-2
-9.850000E-1	-8.120172E-2
-9.800000E-1	-7.195358E-2
-9.750000E-1	-7.244725E-2
-9.700000E-1	-7.916121E-2
-9.650000E-1	-8.067514E-2
-9.600000E-1	-7.155864E-2
-9.550000E-1	-6.892572E-2
-9.500000E-1	-6.306746E-2
-9.450000E-1	-6.352823E-2
-9.400000E-1	-6.704976E-2
-9.350000E-1	-5.908517E-2
-9.300000E-1	-6.471304E-2
-9.250000E-1	-6.675356E-2
-9.200000E-1	-6.415355E-2
-9.150000E-1	-7.060421E-2
-9.100000E-1	-6.175100E-2
-9.050000E-1	-5.454338E-2
-9.000000E-1	-4.740157E-2
-8.950000E-1	-3.858128E-2
-8.900000E-1	-5.628769E-2
-8.850000E-1	-2.564704E-2
-8.800000E-1	-3.887748E-2
-8.750000E-1	-4.364965E-2
-8.700000E-1	-3.785722E-2
-8.650000E-1	-3.874583E-2
-8.600000E-1	-2.475843E-2
-8.550000E-1	-2.946478E-2
-8.500000E-1	-2.943187E-2
-8.450000E-1	-1.583940E-2
-8.400000E-1	-2.202677E-2
-8.350000E-1	-1.955841E-2
-8.300000E-1	-1.281154E-2
-8.250000E-1	-1.235078E-2
-8.200000E-1	-3.234280E-3
-8.150000E-1	-1.225204E-2
-8.100000E-1	1.044220E-3
-8.050000E-1	-4.452007E-3
-8.000000E-1	5.322721E-3
