applied voltage (volts)	measured current (nanoamps)	measured temperature (deg C)
-9.000000E+0	-1.008748E+4
-8.750000E+0	-1.003877E+4
-8.500000E+0	-9.968338E+3
-8.250000E+0	-9.979527E+3
-8.000000E+0	-9.908109E+3
-7.750000E+0	-1.046234E+4
-7.500000E+0	-1.225009E+4
-7.250000E+0	-1.445451E+4
-7.000000E+0	-4.739962E+4
-6.750000E+0	-5.504168E+4
-6.500000E+0	-5.264309E+4
-6.250000E+0	-5.207438E+4
-6.000000E+0	-5.204904E+4
-5.750000E+0	-5.213296E+4
-5.500000E+0	-5.223531E+4
-5.250000E+0	-5.230377E+4
-5.000000E+0	-5.230838E+4
-4.750000E+0	-5.233767E+4
-4.500000E+0	-5.229653E+4
-4.250000E+0	-5.235248E+4
-4.000000E+0	-5.234919E+4
-3.750000E+0	-5.230212E+4
-3.500000E+0	-5.224354E+4
-3.250000E+0	-5.213790E+4
-3.000000E+0	-5.193516E+4
-2.750000E+0	-5.141253E+4
-2.500000E+0	-5.006381E+4
-2.250000E+0	-4.798051E+4
-2.000000E+0	-4.489143E+4
-1.750000E+0	-4.061491E+4
-1.500000E+0	-3.506503E+4
-1.250000E+0	-2.726467E+4
-1.000000E+0	-1.471352E+4
-7.500000E-1	8.882078E+3
-5.000000E-1	6.422481E+4
-2.500000E-1	1.995061E+5
0.000000E+0	4.130356E+5
2.500000E-1	6.645315E+5
5.000000E-1	9.310849E+5
7.500000E-1	1.202362E+6
1.000000E+0	1.473223E+6
1.250000E+0	1.740610E+6
1.500000E+0	1.995647E+6
1.750000E+0	2.229844E+6
2.000000E+0	2.438382E+6
2.250000E+0	2.621207E+6
2.500000E+0	2.781569E+6
2.750000E+0	2.923745E+6
3.000000E+0	3.051459E+6
3.250000E+0	3.168726E+6
3.500000E+0	3.277363E+6
3.750000E+0	3.379808E+6
4.000000E+0	3.475858E+6
4.250000E+0	3.568086E+6
4.500000E+0	3.656128E+6
4.750000E+0	3.742471E+6
5.000000E+0	3.824414E+6
5.250000E+0	3.904346E+6
5.500000E+0	3.982259E+6
5.750000E+0	4.058440E+6
6.000000E+0	4.131877E+6
6.250000E+0	4.202982E+6
6.500000E+0	4.270864E+6
6.750000E+0	4.335883E+6
7.000000E+0	4.398670E+6
7.250000E+0	4.459122E+6
7.500000E+0	4.516938E+6
7.750000E+0	4.572495E+6
8.000000E+0	4.626444E+6
8.250000E+0	4.677684E+6
8.500000E+0	4.727366E+6
8.750000E+0	4.774557E+6
9.000000E+0	4.819323E+6
