applied voltage (volts)	measured current (nanoamps)	measured temperature (deg C)
-9.000000E+0	-1.507588E+0
-8.750000E+0	-1.506272E+0
-8.500000E+0	-1.514170E+0
-8.250000E+0	-1.513710E+0
-8.000000E+0	-1.490704E+0
-7.750000E+0	-1.499327E+0
-7.500000E+0	-1.508312E+0
-7.250000E+0	-1.499623E+0
-7.000000E+0	-1.514466E+0
-6.750000E+0	-1.502190E+0
-6.500000E+0	-1.505547E+0
-6.250000E+0	-1.494917E+0
-6.000000E+0	-1.499459E+0
-5.750000E+0	-1.504889E+0
-5.500000E+0	-1.504165E+0
-5.250000E+0	-1.491494E+0
-5.000000E+0	-1.502915E+0
-4.750000E+0	-1.495312E+0
-4.500000E+0	-1.496168E+0
-4.250000E+0	-1.508082E+0
-4.000000E+0	-1.510089E+0
-3.750000E+0	-1.507753E+0
-3.500000E+0	-1.507292E+0
-3.250000E+0	-1.505054E+0
-3.000000E+0	-1.499459E+0
-2.750000E+0	-1.491560E+0
-2.500000E+0	-1.478231E+0
-2.250000E+0	-1.457727E+0
-2.000000E+0	-1.421129E+0
-1.750000E+0	-1.368932E+0
-1.500000E+0	-1.311929E+0
-1.250000E+0	-1.211483E+0
-1.000000E+0	-1.070720E+0
-7.500000E-1	-8.421166E-1
-5.000000E-1	-2.811064E-1
-2.500000E-1	1.412818E+0
0.000000E+0	4.584108E+0
2.500000E-1	8.670932E+0
5.000000E-1	1.291425E+1
7.500000E-1	1.651997E+1
1.000000E+0	1.924311E+1
1.250000E+0	2.147905E+1
1.500000E+0	2.350584E+1
1.750000E+0	2.541778E+1
2.000000E+0	2.716512E+1
2.250000E+0	2.881945E+1
2.500000E+0	3.031452E+1
2.750000E+0	3.173419E+1
3.000000E+0	3.305112E+1
3.250000E+0	3.430277E+1
3.500000E+0	3.546620E+1
3.750000E+0	3.659536E+1
4.000000E+0	3.765419E+1
4.250000E+0	3.866145E+1
4.500000E+0	3.964225E+1
4.750000E+0	4.058013E+1
5.000000E+0	4.148536E+1
5.250000E+0	4.236946E+1
5.500000E+0	4.321924E+1
5.750000E+0	4.402317E+1
6.000000E+0	4.482608E+1
6.250000E+0	4.557896E+1
6.500000E+0	4.630759E+1
6.750000E+0	4.699587E+1
7.000000E+0	4.767161E+1
7.250000E+0	4.830809E+1
7.500000E+0	4.890165E+1
7.750000E+0	4.950005E+1
8.000000E+0	5.007429E+1
8.250000E+0	5.063576E+1
8.500000E+0	5.117725E+1
8.750000E+0	5.170354E+1
9.000000E+0	5.219080E+1
